p g
T 0 1 2 3 4 5 6 7 8 9 10 11 12 13 14 15 16 17 18 19 20 21 22 23 24 25 26 27 28 29 30 31 32 33 34 35 36 37 38 39 40 41 42 43 44 45 46 47 48
e 0 7 0.125
e 0 1 0.125
e 1 8 0.125
e 1 2 0.125
e 2 9 0.125
e 2 3 0.125
e 3 10 0.125
e 3 4 0.125
e 4 11 0.125
e 4 5 0.125
e 5 12 0.125
e 5 6 0.125
e 6 13 0.125
e 7 14 0.125
e 7 8 0.125
e 8 15 0.125
e 8 9 0.125
e 9 16 0.125
e 9 10 0.125
e 10 17 0.125
e 10 11 0.125
e 11 18 0.125
e 11 12 0.125
e 12 19 0.125
e 12 13 0.125
e 13 20 0.125
e 14 21 0.125
e 14 15 0.125
e 15 22 0.125
e 15 16 0.125
e 16 23 0.125
e 16 17 0.125
e 17 24 0.125
e 17 18 0.125
e 18 25 0.125
e 18 19 0.125
e 19 26 0.125
e 19 20 0.125
e 20 27 0.125
e 21 28 0.125
e 21 22 0.125
e 22 29 0.125
e 22 23 0.125
e 23 30 0.125
e 23 24 0.125
e 24 31 0.125
e 24 25 0.125
e 25 32 0.125
e 25 26 0.125
e 26 33 0.125
e 26 27 0.125
e 27 34 0.125
e 28 35 0.125
e 28 29 0.125
e 29 36 0.125
e 29 30 0.125
e 30 37 0.125
e 30 31 0.125
e 31 38 0.125
e 31 32 0.125
e 32 39 0.125
e 32 33 0.125
e 33 40 0.125
e 33 34 0.125
e 34 41 0.125
e 35 42 0.125
e 35 36 0.125
e 36 43 0.125
e 36 37 0.125
e 37 44 0.125
e 37 38 0.125
e 38 45 0.125
e 38 39 0.125
e 39 46 0.125
e 39 40 0.125
e 40 47 0.125
e 40 41 0.125
e 41 48 0.125
e 42 43 0.125
e 43 44 0.125
e 44 45 0.125
e 45 46 0.125
e 46 47 0.125
e 47 48 0.125
