p g
T 0 1 2 3 4 5 6 7 8 9 10 11 12 13 14 15 16 17 18 19 20 21 22 23 24 25 26 27 28 29 30 31 32 33 34 35 36 37 38 39 40 41 42 43 44 45 46 47 48 49 50 51 52 53 54 55 56 57 58 59 60 61 62 63
e 0 8 0.125
e 0 1 0.125
e 1 9 0.125
e 1 2 0.125
e 2 10 0.125
e 2 3 0.125
e 3 11 0.125
e 3 4 0.125
e 4 12 0.125
e 4 5 0.125
e 5 13 0.125
e 5 6 0.125
e 6 14 0.125
e 6 7 0.125
e 7 15 0.125
e 8 16 0.125
e 8 9 0.125
e 9 17 0.125
e 9 10 0.125
e 10 18 0.125
e 10 11 0.125
e 11 19 0.125
e 11 12 0.125
e 12 20 0.125
e 12 13 0.125
e 13 21 0.125
e 13 14 0.125
e 14 22 0.125
e 14 15 0.125
e 15 23 0.125
e 16 24 0.125
e 16 17 0.125
e 17 25 0.125
e 17 18 0.125
e 18 26 0.125
e 18 19 0.125
e 19 27 0.125
e 19 20 0.125
e 20 28 0.125
e 20 21 0.125
e 21 29 0.125
e 21 22 0.125
e 22 30 0.125
e 22 23 0.125
e 23 31 0.125
e 24 32 0.125
e 24 25 0.125
e 25 33 0.125
e 25 26 0.125
e 26 34 0.125
e 26 27 0.125
e 27 35 0.125
e 27 28 0.125
e 28 36 0.125
e 28 29 0.125
e 29 37 0.125
e 29 30 0.125
e 30 38 0.125
e 30 31 0.125
e 31 39 0.125
e 32 40 0.125
e 32 33 0.125
e 33 41 0.125
e 33 34 0.125
e 34 42 0.125
e 34 35 0.125
e 35 43 0.125
e 35 36 0.125
e 36 44 0.125
e 36 37 0.125
e 37 45 0.125
e 37 38 0.125
e 38 46 0.125
e 38 39 0.125
e 39 47 0.125
e 40 48 0.125
e 40 41 0.125
e 41 49 0.125
e 41 42 0.125
e 42 50 0.125
e 42 43 0.125
e 43 51 0.125
e 43 44 0.125
e 44 52 0.125
e 44 45 0.125
e 45 53 0.125
e 45 46 0.125
e 46 54 0.125
e 46 47 0.125
e 47 55 0.125
e 48 56 0.125
e 48 49 0.125
e 49 57 0.125
e 49 50 0.125
e 50 58 0.125
e 50 51 0.125
e 51 59 0.125
e 51 52 0.125
e 52 60 0.125
e 52 53 0.125
e 53 61 0.125
e 53 54 0.125
e 54 62 0.125
e 54 55 0.125
e 55 63 0.125
e 56 57 0.125
e 57 58 0.125
e 58 59 0.125
e 59 60 0.125
e 60 61 0.125
e 61 62 0.125
e 62 63 0.125
