p g
T 0 1 2 3 4 5 6 7 8 9 10 11 12 13 14 15 16 17 18 19 20 21 22 23 24 25 26 27 28 29 30 31 32 33 34 35 36 37 38 39 40 41 42 43 44 45 46 47 48 49 50 51 52 53 54 55 56 57 58 59 60 61 62 63 64 65 66 67 68 69 70 71 72 73 74 75 76 77 78 79 80 81 82 83 84 85 86 87 88 89 90 91 92 93 94 95 96 97 98 99
e 0 10 0.125
e 0 1 0.125
e 1 11 0.125
e 1 2 0.125
e 2 12 0.125
e 2 3 0.125
e 3 13 0.125
e 3 4 0.125
e 4 14 0.125
e 4 5 0.125
e 5 15 0.125
e 5 6 0.125
e 6 16 0.125
e 6 7 0.125
e 7 17 0.125
e 7 8 0.125
e 8 18 0.125
e 8 9 0.125
e 9 19 0.125
e 10 20 0.125
e 10 11 0.125
e 11 21 0.125
e 11 12 0.125
e 12 22 0.125
e 12 13 0.125
e 13 23 0.125
e 13 14 0.125
e 14 24 0.125
e 14 15 0.125
e 15 25 0.125
e 15 16 0.125
e 16 26 0.125
e 16 17 0.125
e 17 27 0.125
e 17 18 0.125
e 18 28 0.125
e 18 19 0.125
e 19 29 0.125
e 20 30 0.125
e 20 21 0.125
e 21 31 0.125
e 21 22 0.125
e 22 32 0.125
e 22 23 0.125
e 23 33 0.125
e 23 24 0.125
e 24 34 0.125
e 24 25 0.125
e 25 35 0.125
e 25 26 0.125
e 26 36 0.125
e 26 27 0.125
e 27 37 0.125
e 27 28 0.125
e 28 38 0.125
e 28 29 0.125
e 29 39 0.125
e 30 40 0.125
e 30 31 0.125
e 31 41 0.125
e 31 32 0.125
e 32 42 0.125
e 32 33 0.125
e 33 43 0.125
e 33 34 0.125
e 34 44 0.125
e 34 35 0.125
e 35 45 0.125
e 35 36 0.125
e 36 46 0.125
e 36 37 0.125
e 37 47 0.125
e 37 38 0.125
e 38 48 0.125
e 38 39 0.125
e 39 49 0.125
e 40 50 0.125
e 40 41 0.125
e 41 51 0.125
e 41 42 0.125
e 42 52 0.125
e 42 43 0.125
e 43 53 0.125
e 43 44 0.125
e 44 54 0.125
e 44 45 0.125
e 45 55 0.125
e 45 46 0.125
e 46 56 0.125
e 46 47 0.125
e 47 57 0.125
e 47 48 0.125
e 48 58 0.125
e 48 49 0.125
e 49 59 0.125
e 50 60 0.125
e 50 51 0.125
e 51 61 0.125
e 51 52 0.125
e 52 62 0.125
e 52 53 0.125
e 53 63 0.125
e 53 54 0.125
e 54 64 0.125
e 54 55 0.125
e 55 65 0.125
e 55 56 0.125
e 56 66 0.125
e 56 57 0.125
e 57 67 0.125
e 57 58 0.125
e 58 68 0.125
e 58 59 0.125
e 59 69 0.125
e 60 70 0.125
e 60 61 0.125
e 61 71 0.125
e 61 62 0.125
e 62 72 0.125
e 62 63 0.125
e 63 73 0.125
e 63 64 0.125
e 64 74 0.125
e 64 65 0.125
e 65 75 0.125
e 65 66 0.125
e 66 76 0.125
e 66 67 0.125
e 67 77 0.125
e 67 68 0.125
e 68 78 0.125
e 68 69 0.125
e 69 79 0.125
e 70 80 0.125
e 70 71 0.125
e 71 81 0.125
e 71 72 0.125
e 72 82 0.125
e 72 73 0.125
e 73 83 0.125
e 73 74 0.125
e 74 84 0.125
e 74 75 0.125
e 75 85 0.125
e 75 76 0.125
e 76 86 0.125
e 76 77 0.125
e 77 87 0.125
e 77 78 0.125
e 78 88 0.125
e 78 79 0.125
e 79 89 0.125
e 80 90 0.125
e 80 81 0.125
e 81 91 0.125
e 81 82 0.125
e 82 92 0.125
e 82 83 0.125
e 83 93 0.125
e 83 84 0.125
e 84 94 0.125
e 84 85 0.125
e 85 95 0.125
e 85 86 0.125
e 86 96 0.125
e 86 87 0.125
e 87 97 0.125
e 87 88 0.125
e 88 98 0.125
e 88 89 0.125
e 89 99 0.125
e 90 91 0.125
e 91 92 0.125
e 92 93 0.125
e 93 94 0.125
e 94 95 0.125
e 95 96 0.125
e 96 97 0.125
e 97 98 0.125
e 98 99 0.125
