p g
T 0 1 2 3 4 5 6 7 8 9 10 11 12 13 14 15 16 17 18 19 20 21 22 23 24 25 26 27 28 29 30 31 32 33 34 35 36 37 38 39 40 41 42 43 44 45 46 47 48 49 50 51 52 53 54 55 56 57 58 59 60 61 62 63 64 65 66 67 68 69 70 71 72 73 74 75 76 77 78 79 80
e 0 9 0.125
e 0 1 0.125
e 1 10 0.125
e 1 2 0.125
e 2 11 0.125
e 2 3 0.125
e 3 12 0.125
e 3 4 0.125
e 4 13 0.125
e 4 5 0.125
e 5 14 0.125
e 5 6 0.125
e 6 15 0.125
e 6 7 0.125
e 7 16 0.125
e 7 8 0.125
e 8 17 0.125
e 9 18 0.125
e 9 10 0.125
e 10 19 0.125
e 10 11 0.125
e 11 20 0.125
e 11 12 0.125
e 12 21 0.125
e 12 13 0.125
e 13 22 0.125
e 13 14 0.125
e 14 23 0.125
e 14 15 0.125
e 15 24 0.125
e 15 16 0.125
e 16 25 0.125
e 16 17 0.125
e 17 26 0.125
e 18 27 0.125
e 18 19 0.125
e 19 28 0.125
e 19 20 0.125
e 20 29 0.125
e 20 21 0.125
e 21 30 0.125
e 21 22 0.125
e 22 31 0.125
e 22 23 0.125
e 23 32 0.125
e 23 24 0.125
e 24 33 0.125
e 24 25 0.125
e 25 34 0.125
e 25 26 0.125
e 26 35 0.125
e 27 36 0.125
e 27 28 0.125
e 28 37 0.125
e 28 29 0.125
e 29 38 0.125
e 29 30 0.125
e 30 39 0.125
e 30 31 0.125
e 31 40 0.125
e 31 32 0.125
e 32 41 0.125
e 32 33 0.125
e 33 42 0.125
e 33 34 0.125
e 34 43 0.125
e 34 35 0.125
e 35 44 0.125
e 36 45 0.125
e 36 37 0.125
e 37 46 0.125
e 37 38 0.125
e 38 47 0.125
e 38 39 0.125
e 39 48 0.125
e 39 40 0.125
e 40 49 0.125
e 40 41 0.125
e 41 50 0.125
e 41 42 0.125
e 42 51 0.125
e 42 43 0.125
e 43 52 0.125
e 43 44 0.125
e 44 53 0.125
e 45 54 0.125
e 45 46 0.125
e 46 55 0.125
e 46 47 0.125
e 47 56 0.125
e 47 48 0.125
e 48 57 0.125
e 48 49 0.125
e 49 58 0.125
e 49 50 0.125
e 50 59 0.125
e 50 51 0.125
e 51 60 0.125
e 51 52 0.125
e 52 61 0.125
e 52 53 0.125
e 53 62 0.125
e 54 63 0.125
e 54 55 0.125
e 55 64 0.125
e 55 56 0.125
e 56 65 0.125
e 56 57 0.125
e 57 66 0.125
e 57 58 0.125
e 58 67 0.125
e 58 59 0.125
e 59 68 0.125
e 59 60 0.125
e 60 69 0.125
e 60 61 0.125
e 61 70 0.125
e 61 62 0.125
e 62 71 0.125
e 63 72 0.125
e 63 64 0.125
e 64 73 0.125
e 64 65 0.125
e 65 74 0.125
e 65 66 0.125
e 66 75 0.125
e 66 67 0.125
e 67 76 0.125
e 67 68 0.125
e 68 77 0.125
e 68 69 0.125
e 69 78 0.125
e 69 70 0.125
e 70 79 0.125
e 70 71 0.125
e 71 80 0.125
e 72 73 0.125
e 73 74 0.125
e 74 75 0.125
e 75 76 0.125
e 76 77 0.125
e 77 78 0.125
e 78 79 0.125
e 79 80 0.125
