p g
T 0 1 2 3 4 5 6 7 8 9 10 11 12 13 14 15 16 17 18 19 20 21 22 23 24
e 0 5 0.125
e 0 1 0.125
e 1 6 0.125
e 1 2 0.125
e 2 7 0.125
e 2 3 0.125
e 3 8 0.125
e 3 4 0.125
e 4 9 0.125
e 5 10 0.125
e 5 6 0.125
e 6 11 0.125
e 6 7 0.125
e 7 12 0.125
e 7 8 0.125
e 8 13 0.125
e 8 9 0.125
e 9 14 0.125
e 10 15 0.125
e 10 11 0.125
e 11 16 0.125
e 11 12 0.125
e 12 17 0.125
e 12 13 0.125
e 13 18 0.125
e 13 14 0.125
e 14 19 0.125
e 15 20 0.125
e 15 16 0.125
e 16 21 0.125
e 16 17 0.125
e 17 22 0.125
e 17 18 0.125
e 18 23 0.125
e 18 19 0.125
e 19 24 0.125
e 20 21 0.125
e 21 22 0.125
e 22 23 0.125
e 23 24 0.125
