p g
T 0 1 2 3 4 5 6 7 8 9 10 11 12 13 14 15 16 17 18 19 20 21 22 23 24 25 26 27 28 29 30 31 32 33 34 35
e 0 6 0.125
e 0 1 0.125
e 1 7 0.125
e 1 2 0.125
e 2 8 0.125
e 2 3 0.125
e 3 9 0.125
e 3 4 0.125
e 4 10 0.125
e 4 5 0.125
e 5 11 0.125
e 6 12 0.125
e 6 7 0.125
e 7 13 0.125
e 7 8 0.125
e 8 14 0.125
e 8 9 0.125
e 9 15 0.125
e 9 10 0.125
e 10 16 0.125
e 10 11 0.125
e 11 17 0.125
e 12 18 0.125
e 12 13 0.125
e 13 19 0.125
e 13 14 0.125
e 14 20 0.125
e 14 15 0.125
e 15 21 0.125
e 15 16 0.125
e 16 22 0.125
e 16 17 0.125
e 17 23 0.125
e 18 24 0.125
e 18 19 0.125
e 19 25 0.125
e 19 20 0.125
e 20 26 0.125
e 20 21 0.125
e 21 27 0.125
e 21 22 0.125
e 22 28 0.125
e 22 23 0.125
e 23 29 0.125
e 24 30 0.125
e 24 25 0.125
e 25 31 0.125
e 25 26 0.125
e 26 32 0.125
e 26 27 0.125
e 27 33 0.125
e 27 28 0.125
e 28 34 0.125
e 28 29 0.125
e 29 35 0.125
e 30 31 0.125
e 31 32 0.125
e 32 33 0.125
e 33 34 0.125
e 34 35 0.125
